1 0.50 0.8043
2 0.50 1.1974
3 0.50 1.0609
4 0.50 1.3669
5 0.50 1.3275
6 0.50 1.1176
7 0.50 0.9682
8 0.50 1.1333
9 0.50 1.2755
10 0.50 1.2848
11 0.50 1.1019
12 0.50 0.9142
13 0.50 1.0251
14 0.50 1.4025
15 0.50 1.1537
16 0.50 1.0839
17 0.50 0.9524
18 0.50 1.2460
19 0.50 0.9488
20 0.50 1.4030
21 0.50 1.0972
22 0.50 1.2210
23 0.50 1.0702
24 0.50 1.1339
25 0.50 -0.0223
26 0.50 0.9113
27 0.50 1.4456
28 0.50 1.1192
29 0.50 1.3129
30 0.50 1.1905
31 0.50 1.3756
32 0.50 0.4926
33 0.50 1.1720
34 0.50 0.9764
35 0.50 1.1995
36 0.50 1.2015
37 0.50 1.0480
38 0.50 0.8460
39 0.50 0.7198
40 0.50 0.9136
41 0.50 1.1192
42 0.50 0.9576
43 0.50 0.7963
44 0.50 1.2327
45 0.50 1.0210
46 0.50 1.2456
47 0.50 0.9370
48 0.50 0.7025
49 0.50 1.1064
50 0.50 0.3335
51 0.50 1.1136
52 0.50 0.7345
53 0.50 1.0470
54 0.50 0.9845
55 0.50 0.8321
56 0.50 1.3176
57 0.50 1.4369
58 0.50 1.1710
59 0.50 1.1471
60 0.50 1.2560
61 0.50 0.8765
62 0.50 0.5079
63 0.50 0.9718
64 0.50 1.0485
65 0.50 1.0537
66 0.50 1.3395
67 0.50 0.6038
68 0.50 1.2364
69 0.50 0.9520
70 0.50 1.1367
71 0.50 0.5752
72 0.50 1.2409
73 0.50 0.6507
74 0.50 0.8835
75 0.50 0.9286
76 0.50 1.1904
77 0.50 0.9255
78 0.50 0.4057
79 0.50 1.0639
80 0.50 1.1658
81 0.50 1.2084
82 0.50 1.2228
83 0.50 0.6458
84 0.50 1.1269
85 0.50 1.2942
86 0.50 1.0028
87 0.50 0.8208
88 0.50 0.6846
89 0.50 -3.5488
90 0.50 -3.6922
91 0.50 -3.9566
92 0.50 1.3953
93 0.50 1.1700
94 0.50 0.9602
95 0.50 1.1112
96 0.50 1.0602
97 0.50 1.3731
98 0.50 1.2956
99 0.50 0.8927
100 0.50 1.2078
101 0.50 1.3466
102 0.50 0.4195
103 0.50 -1.2868
104 0.50 1.1826
105 0.50 1.0349
