1 0.50 -7.9924
2 0.50 1.2351
3 0.50 0.3856
4 0.50 0.9190
5 0.50 0.3477
6 0.50 1.2875
7 0.50 1.2005
8 0.50 1.1654
9 0.50 1.2454
10 0.50 1.1401
11 0.50 0.4954
12 0.50 1.1159
13 0.50 1.1425
14 0.50 0.6072
15 0.50 0.5663
16 0.50 1.3445
17 0.50 1.3349
18 0.50 1.2665
19 0.50 0.8160
20 0.50 0.9387
21 0.50 0.8042
22 0.50 1.2164
23 0.50 0.9730
24 0.50 0.5306
25 0.50 1.0508
26 0.50 1.1340
27 0.50 1.2285
28 0.50 1.0992
29 0.50 1.3277
30 0.50 1.3220
31 0.50 1.1646
32 0.50 0.9695
33 0.50 0.4063
34 0.50 1.0670
35 0.50 1.1805
36 0.50 1.1721
37 0.50 0.4368
38 0.50 1.3779
39 0.50 1.2900
40 0.50 0.8051
41 0.50 0.2881
42 0.50 0.0858
43 0.50 0.9039
44 0.50 0.7798
45 0.50 0.0025
46 0.50 0.8549
47 0.50 0.9282
48 0.50 -0.1730
49 0.50 0.8804
50 0.50 1.0393
51 0.50 1.1966
52 0.50 0.7805
53 0.50 0.9525
54 0.50 0.9389
55 0.50 -0.2864
56 0.50 0.3762
57 0.50 0.6844
58 0.50 1.2575
59 0.50 1.0784
60 0.50 0.6610
61 0.50 1.0399
62 0.50 0.9771
63 0.50 0.6977
64 0.50 0.4469
65 0.50 1.4245
66 0.50 -0.1068
67 0.50 0.6275
68 0.50 0.2659
69 0.50 0.9944
70 0.50 1.1409
71 0.50 1.1031
72 0.50 0.9938
73 0.50 1.2588
74 0.50 1.2180
75 0.50 1.0206
76 0.50 0.0073
77 0.50 0.9401
78 0.50 0.8913
79 0.50 0.8907
80 0.50 1.0843
81 0.50 1.1259
82 0.50 0.9554
83 0.50 -0.3150
84 0.50 0.6964
85 0.50 1.2582
86 0.50 1.3523
87 0.50 1.2253
88 0.50 0.9549
89 0.50 0.7081
90 0.50 1.2129
91 0.50 0.6102
92 0.50 1.1218
93 0.50 0.8890
94 0.50 1.0731
95 0.50 0.5962
96 0.50 1.1963
97 0.50 1.1907
98 0.50 0.7815
99 0.50 1.0522
100 0.50 1.0505
101 0.50 0.7614
102 0.50 1.1940
103 0.50 0.9672
104 0.50 1.5028
105 0.50 0.4321
106 0.50 0.4816
107 0.50 0.9747
108 0.50 0.1700
109 0.50 0.6032
110 0.50 1.1765
111 0.50 0.4555
