1 0.50 -1.1848
2 0.50 1.0933
3 0.50 0.9598
4 0.50 1.1952
5 0.50 1.0608
6 0.50 0.5926
7 0.50 1.0398
8 0.50 0.7513
9 0.50 1.3286
10 0.50 1.0598
11 0.50 1.1138
12 0.50 1.3037
13 0.50 1.1547
14 0.50 1.4517
15 0.50 1.4541
16 0.50 0.6656
17 0.50 1.2063
18 0.50 1.0128
19 0.50 0.8514
20 0.50 1.0607
21 0.50 1.1812
22 0.50 0.9613
23 0.50 1.1655
24 0.50 1.3589
25 0.50 1.0948
26 0.50 1.0854
27 0.50 0.7569
28 0.50 0.7139
29 0.50 1.0325
30 0.50 1.1216
31 0.50 1.2359
32 0.50 1.1218
33 0.50 1.0183
34 0.50 0.1369
35 0.50 1.1589
36 0.50 0.9487
37 0.50 0.7821
38 0.50 0.9844
39 0.50 0.9369
40 0.50 1.0108
41 0.50 1.1673
42 0.50 1.0635
43 0.50 1.0025
44 0.50 0.9300
45 0.50 0.3848
46 0.50 0.9899
47 0.50 0.6662
48 0.50 1.2645
49 0.50 1.1806
50 0.50 1.2995
51 0.50 1.2578
52 0.50 1.0313
53 0.50 1.5007
54 0.50 0.8446
55 0.50 0.8012
56 0.50 0.7595
57 0.50 1.3146
58 0.50 1.0074
59 0.50 0.9614
60 0.50 0.5690
61 0.50 0.8125
62 0.50 1.4294
63 0.50 0.8576
64 0.50 1.2928
65 0.50 1.2808
66 0.50 1.3601
67 0.50 1.3555
68 0.50 1.1379
69 0.50 1.0018
70 0.50 1.0361
71 0.50 0.7532
72 0.50 1.2505
73 0.50 1.2008
74 0.50 1.0399
75 0.50 1.0760
76 0.50 1.0770
77 0.50 1.3574
78 0.50 0.6483
79 0.50 1.1202
80 0.50 1.0927
81 0.50 0.9386
82 0.50 0.9424
83 0.50 1.1460
84 0.50 1.1825
85 0.50 1.3150
86 0.50 0.2276
87 0.50 1.2437
88 0.50 1.2223
89 0.50 0.9770
90 0.50 0.9556
91 0.50 1.1574
92 0.50 1.2056
93 0.50 1.0514
94 0.50 1.1353
95 0.50 1.0343
96 0.50 1.2031
97 0.50 0.9327
98 0.50 1.1705
99 0.50 1.1764
100 0.50 0.2988
