1 0.50 1.0450
2 0.50 0.3360
3 0.50 0.1815
4 0.50 0.1076
5 0.50 0.0974
6 0.50 0.6089
7 0.50 -0.4767
8 0.50 -0.2611
9 0.50 -0.2399
10 0.50 -0.2068
11 0.50 0.0689
12 0.50 -0.0247
13 0.50 0.8061
14 0.50 0.7345
15 0.50 0.4810
16 0.50 0.6600
17 0.50 1.1044
18 0.50 1.0168
19 0.50 -0.2060
20 0.50 1.1226
21 0.50 0.1092
22 0.50 0.8290
23 0.50 0.8032
24 0.50 -0.4151
25 0.50 0.6224
26 0.50 1.1461
27 0.50 0.7249
28 0.50 -0.2594
29 0.50 0.8904
30 0.50 0.9427
31 0.50 0.3018
32 0.50 0.4000
33 0.50 0.7900
34 0.50 0.3001
35 0.50 0.2458
36 0.50 -0.0850
37 0.50 -0.3074
38 0.50 -0.0438
39 0.50 0.4247
40 0.50 0.6232
41 0.50 0.8603
42 0.50 0.1953
43 0.50 0.4561
44 0.50 0.6821
45 0.50 0.5528
46 0.50 0.9501
47 0.50 0.5702
48 0.50 0.7516
49 0.50 1.0431
50 0.50 0.4702
51 0.50 0.7276
52 0.50 0.6547
53 0.50 0.6306
54 0.50 0.5353
55 0.50 1.2612
56 0.50 1.0300
57 0.50 1.0509
58 0.50 0.7802
59 0.50 0.2673
60 0.50 0.8558
61 0.50 0.7644
62 0.50 0.8523
63 0.50 1.0292
64 0.50 0.7179
65 0.50 0.8557
66 0.50 1.1484
67 0.50 0.3984
68 0.50 0.7804
69 0.50 0.1763
70 0.50 1.1883
71 0.50 0.3962
72 0.50 1.0071
73 0.50 0.7127
74 0.50 0.8856
75 0.50 0.8674
76 0.50 1.0626
77 0.50 0.8635
78 0.50 1.3527
79 0.50 1.0183
80 0.50 0.7040
81 0.50 1.1804
82 0.50 1.3524
83 0.50 1.2388
84 0.50 0.2781
85 0.50 0.8610
86 0.50 0.9094
87 0.50 0.3449
88 0.50 0.9153
89 0.50 0.8822
90 0.50 0.8119
91 0.50 0.0956
92 0.50 0.6962
93 0.50 1.0480
94 0.50 0.7025
95 0.50 0.8541
96 0.50 0.7710
97 0.50 0.7002
98 0.50 1.1417
99 0.50 1.1278
100 0.50 0.2886
101 0.50 0.8755
102 0.50 0.9448
103 0.50 0.6783
104 0.50 0.1877
105 0.50 1.2666
106 0.50 1.3345
107 0.50 0.7294
108 0.50 0.6992
109 0.50 1.3125
110 0.50 0.8924
111 0.50 1.0505
112 0.50 0.9236
113 0.50 0.7680
114 0.50 0.4941
115 0.50 0.4222
116 0.50 -0.4848
