1 0.50 0.9213
2 0.50 1.3658
3 0.50 1.2217
4 0.50 1.2384
5 0.50 1.4795
6 0.50 1.2733
7 0.50 1.1266
8 0.50 1.4509
9 0.50 1.0256
10 0.50 1.1573
11 0.50 1.2026
12 0.50 1.2435
13 0.50 1.2607
14 0.50 1.2323
15 0.50 1.0409
16 0.50 1.1022
17 0.50 0.7217
18 0.50 1.1193
19 0.50 0.8116
20 0.50 1.2311
21 0.50 1.3885
22 0.50 1.4765
23 0.50 1.5258
24 0.50 1.1991
25 0.50 1.5352
26 0.50 1.2846
27 0.50 1.2389
28 0.50 0.9837
29 0.50 1.3857
30 0.50 1.0069
31 0.50 1.4096
32 0.50 0.9537
33 0.50 1.4607
34 0.50 1.4101
35 0.50 1.4928
36 0.50 1.5068
37 0.50 1.3195
38 0.50 0.2400
39 0.50 1.5402
40 0.50 1.4710
41 0.50 1.4423
42 0.50 1.0694
43 0.50 1.1420
44 0.50 1.3160
45 0.50 1.2488
46 0.50 1.4615
47 0.50 1.2754
48 0.50 1.5064
49 0.50 0.9401
50 0.50 1.2801
51 0.50 1.1905
52 0.50 1.1469
53 0.50 0.7461
54 0.50 1.2689
55 0.50 1.2842
56 0.50 1.2147
57 0.50 0.5782
58 0.50 1.3041
59 0.50 0.8447
60 0.50 1.4408
61 0.50 1.2472
62 0.50 1.4953
63 0.50 1.0691
64 0.50 1.3870
65 0.50 1.3217
66 0.50 0.8282
67 0.50 1.3259
68 0.50 0.9726
69 0.50 1.3257
70 0.50 1.1764
71 0.50 0.8565
72 0.50 1.2090
73 0.50 1.2232
74 0.50 1.0554
75 0.50 0.8795
76 0.50 1.4632
77 0.50 1.0351
78 0.50 1.0451
79 0.50 1.1967
80 0.50 1.1797
81 0.50 1.3014
82 0.50 1.2416
83 0.50 1.0664
84 0.50 1.0615
85 0.50 1.0337
86 0.50 1.0675
87 0.50 1.5430
88 0.50 1.4282
89 0.50 1.5032
90 0.50 1.1886
91 0.50 1.4792
92 0.50 1.4964
93 0.50 1.0607
94 0.50 0.8830
95 0.50 1.2068
96 0.50 1.3628
97 0.50 0.7619
98 0.50 1.0105
99 0.50 1.4650
100 0.50 0.8081
101 0.50 1.2655
102 0.50 1.3849
103 0.50 1.4206
104 0.50 1.4100
105 0.50 0.2755
106 0.50 1.4756
107 0.50 0.1573
108 0.50 0.5495
109 0.50 0.9199
110 0.50 1.3751
111 0.50 0.8253
112 0.50 1.2509
113 0.50 1.1408
