1 0.50 1.3227
2 0.50 1.1389
3 0.50 1.2316
4 0.50 1.5168
5 0.50 0.5727
6 0.50 1.4238
7 0.50 1.2773
8 0.50 1.2069
9 0.50 0.8393
10 0.50 1.3238
11 0.50 1.1963
12 0.50 1.2179
13 0.50 1.1176
14 0.50 1.1933
15 0.50 1.3941
16 0.50 1.4255
17 0.50 1.2070
18 0.50 1.1870
19 0.50 1.1930
20 0.50 1.0628
21 0.50 1.0113
22 0.50 1.2315
23 0.50 1.5204
24 0.50 0.5114
25 0.50 1.6108
26 0.50 1.1742
27 0.50 1.2476
28 0.50 1.0321
29 0.50 1.1153
30 0.50 1.3325
31 0.50 1.2519
32 0.50 1.0994
33 0.50 0.9692
34 0.50 1.0014
35 0.50 1.2797
36 0.50 1.1644
37 0.50 1.0797
38 0.50 0.6186
39 0.50 1.0192
40 0.50 1.3749
41 0.50 0.7352
42 0.50 1.0379
43 0.50 0.8291
44 0.50 1.0508
45 0.50 -0.4340
46 0.50 1.3085
47 0.50 1.2940
48 0.50 1.1562
49 0.50 1.2836
50 0.50 1.1903
51 0.50 1.4473
52 0.50 1.3095
53 0.50 1.3775
54 0.50 1.2920
55 0.50 1.2274
56 0.50 1.1588
57 0.50 1.1435
58 0.50 0.8729
59 0.50 -2.1644
60 0.50 1.2103
61 0.50 1.4680
62 0.50 1.2570
63 0.50 1.2664
64 0.50 1.4268
65 0.50 1.2023
66 0.50 1.4650
67 0.50 1.1072
68 0.50 1.2132
69 0.50 1.0429
70 0.50 1.2018
71 0.50 1.4523
72 0.50 1.3998
73 0.50 1.4380
74 0.50 1.0892
75 0.50 1.1489
76 0.50 1.1791
77 0.50 1.0246
78 0.50 0.8619
79 0.50 1.0124
80 0.50 1.4318
81 0.50 0.9196
82 0.50 1.2341
83 0.50 1.2252
84 0.50 0.9341
85 0.50 0.6005
86 0.50 1.2951
87 0.50 1.0961
88 0.50 1.3384
89 0.50 1.2462
90 0.50 1.0344
91 0.50 1.2329
92 0.50 0.5349
93 0.50 -0.0603
94 0.50 0.9151
95 0.50 1.1510
96 0.50 1.2845
97 0.50 0.7490
98 0.50 1.3491
99 0.50 0.6067
100 0.50 0.3573
101 0.50 1.2162
102 0.50 0.7243
103 0.50 1.1568
104 0.50 1.1529
105 0.50 1.1380
106 0.50 1.4014
107 0.50 1.0479
108 0.50 1.0216
109 0.50 1.0965
