1 0.50 -4.2259
2 0.50 1.0860
3 0.50 1.3950
4 0.50 1.1244
5 0.50 0.6999
6 0.50 0.5771
7 0.50 1.0818
8 0.50 0.8169
9 0.50 0.6914
10 0.50 0.6847
11 0.50 0.8477
12 0.50 0.9559
13 0.50 0.7588
14 0.50 1.2230
15 0.50 1.0957
16 0.50 1.2768
17 0.50 1.2804
18 0.50 1.2906
19 0.50 1.2073
20 0.50 0.6664
21 0.50 1.0614
22 0.50 1.2599
23 0.50 1.1966
24 0.50 0.9239
25 0.50 1.2149
26 0.50 1.2999
27 0.50 0.8910
28 0.50 1.1896
29 0.50 1.1439
30 0.50 1.2065
31 0.50 1.2192
32 0.50 0.9886
33 0.50 0.9260
34 0.50 1.1853
35 0.50 0.9653
36 0.50 0.9684
37 0.50 1.4041
38 0.50 1.1797
39 0.50 1.1364
40 0.50 1.0750
41 0.50 0.4451
42 0.50 1.1868
43 0.50 1.2448
44 0.50 1.0385
45 0.50 0.8991
46 0.50 1.0136
47 0.50 1.2092
48 0.50 1.2705
49 0.50 0.5254
50 0.50 0.8814
51 0.50 0.9347
52 0.50 0.9306
53 0.50 0.9784
54 0.50 1.0205
55 0.50 0.7920
56 0.50 0.4054
57 0.50 1.2970
58 0.50 1.2755
59 0.50 1.1133
60 0.50 0.0579
61 0.50 1.1947
62 0.50 1.0347
63 0.50 0.9711
64 0.50 1.2967
65 0.50 1.1283
66 0.50 1.2789
67 0.50 1.1138
68 0.50 1.2473
69 0.50 1.2077
70 0.50 0.7433
71 0.50 1.1705
72 0.50 1.0364
73 0.50 1.0511
74 0.50 0.7116
75 0.50 1.2326
76 0.50 1.1671
77 0.50 1.2812
78 0.50 1.3512
79 0.50 0.6765
80 0.50 0.9308
81 0.50 1.1995
82 0.50 1.4935
83 0.50 1.3265
84 0.50 1.1497
85 0.50 1.1298
86 0.50 1.2517
87 0.50 1.2042
88 0.50 0.9511
89 0.50 1.3620
90 0.50 1.2572
