1 0.50 -0.1828
2 0.50 1.0516
3 0.50 1.2811
4 0.50 0.8950
5 0.50 1.2592
6 0.50 1.3258
7 0.50 1.3624
8 0.50 1.1191
9 0.50 1.3818
10 0.50 0.4955
11 0.50 1.2243
12 0.50 1.2121
13 0.50 1.1956
14 0.50 1.3506
15 0.50 0.9276
16 0.50 1.0536
17 0.50 1.0792
18 0.50 1.3182
19 0.50 0.8679
20 0.50 1.3945
21 0.50 1.4094
22 0.50 1.2151
23 0.50 1.3635
24 0.50 1.0548
25 0.50 1.1635
26 0.50 1.1254
27 0.50 1.0379
28 0.50 1.3639
29 0.50 1.2813
30 0.50 1.3341
31 0.50 1.4398
32 0.50 1.1674
33 0.50 1.0676
34 0.50 1.1448
35 0.50 1.1075
36 0.50 1.2918
37 0.50 1.4297
38 0.50 1.3214
39 0.50 1.1312
40 0.50 1.2427
41 0.50 0.7365
42 0.50 1.1205
43 0.50 1.2424
44 0.50 1.2292
45 0.50 1.2199
46 0.50 0.8676
47 0.50 1.0815
48 0.50 1.1913
49 0.50 1.0291
50 0.50 0.9319
51 0.50 1.2764
52 0.50 1.4169
53 0.50 0.9355
54 0.50 1.2132
55 0.50 1.2164
56 0.50 0.6989
57 0.50 1.1172
58 0.50 0.9373
59 0.50 0.9996
60 0.50 1.0241
61 0.50 0.8960
62 0.50 0.7601
63 0.50 1.3221
64 0.50 1.0695
65 0.50 1.0398
66 0.50 1.1564
67 0.50 1.3951
68 0.50 1.2572
69 0.50 1.2409
70 0.50 1.3231
71 0.50 1.3077
72 0.50 1.1801
73 0.50 -0.3047
74 0.50 0.9721
75 0.50 1.1256
76 0.50 1.3501
77 0.50 0.8215
78 0.50 1.1986
79 0.50 1.0490
80 0.50 0.9872
81 0.50 1.4688
82 0.50 0.9507
83 0.50 1.3777
84 0.50 1.1944
85 0.50 1.4218
86 0.50 1.0815
87 0.50 1.0781
88 0.50 1.3292
89 0.50 1.3790
90 0.50 1.0955
91 0.50 1.1356
92 0.50 0.7661
93 0.50 1.2005
94 0.50 1.2795
