1 0.50 0.7603
2 0.50 1.2367
3 0.50 1.1470
4 0.50 1.0373
5 0.50 1.0312
6 0.50 0.7104
7 0.50 0.9503
8 0.50 0.9484
9 0.50 0.9332
10 0.50 1.1531
11 0.50 1.3945
12 0.50 0.1198
13 0.50 0.6252
14 0.50 0.6336
15 0.50 1.0290
16 0.50 1.1911
17 0.50 1.0567
18 0.50 0.7732
19 0.50 1.2543
20 0.50 1.1240
21 0.50 0.7662
22 0.50 0.8530
23 0.50 1.1692
24 0.50 0.9649
25 0.50 0.7746
26 0.50 1.2379
27 0.50 0.8534
28 0.50 1.1325
29 0.50 1.1071
30 0.50 0.9961
31 0.50 1.0316
32 0.50 0.8931
33 0.50 0.7283
34 0.50 0.9076
35 0.50 0.4005
36 0.50 0.6651
37 0.50 1.4163
38 0.50 0.8415
39 0.50 0.9589
40 0.50 0.6752
41 0.50 1.3680
42 0.50 1.1041
43 0.50 0.7072
44 0.50 0.8626
45 0.50 1.2067
46 0.50 1.2370
47 0.50 0.7632
48 0.50 1.0625
49 0.50 1.1174
50 0.50 1.0148
51 0.50 0.8935
52 0.50 0.4481
53 0.50 1.0368
54 0.50 0.8161
55 0.50 0.7672
56 0.50 0.9143
57 0.50 0.9573
58 0.50 1.0012
59 0.50 1.0406
60 0.50 1.2163
61 0.50 1.1589
62 0.50 1.2766
63 0.50 1.1359
64 0.50 1.0599
65 0.50 1.0193
66 0.50 0.0324
67 0.50 0.7652
68 0.50 1.1691
69 0.50 0.5973
70 0.50 0.8644
71 0.50 0.8552
72 0.50 1.2290
73 0.50 1.3211
74 0.50 1.3950
75 0.50 1.2244
76 0.50 1.0795
77 0.50 0.7925
78 0.50 -0.1596
79 0.50 1.0538
80 0.50 1.3090
81 0.50 1.2856
82 0.50 0.9961
83 0.50 0.7243
84 0.50 1.0855
85 0.50 1.2114
86 0.50 0.5072
87 0.50 0.8244
88 0.50 1.1105
89 0.50 0.6524
90 0.50 1.0435
91 0.50 1.1236
92 0.50 0.9720
93 0.50 0.9306
94 0.50 0.7910
95 0.50 0.9697
96 0.50 0.9901
97 0.50 0.3659
98 0.50 0.9139
99 0.50 0.8594
100 0.50 1.1044
101 0.50 1.0743
102 0.50 1.0942
103 0.50 0.7862
104 0.50 1.0299
105 0.50 0.9439
106 0.50 0.7536
107 0.50 1.1720
108 0.50 0.7861
109 0.50 1.1660
110 0.50 0.7138
111 0.50 1.2653
