1 0.50 1.1713
2 0.50 -0.5660
3 0.50 1.2746
4 0.50 0.9565
5 0.50 1.2384
6 0.50 1.1858
7 0.50 0.8987
8 0.50 0.9670
9 0.50 0.4343
10 0.50 1.1242
11 0.50 0.8069
12 0.50 1.1100
13 0.50 1.1590
14 0.50 0.9259
15 0.50 1.2774
16 0.50 -0.1158
17 0.50 0.7344
18 0.50 1.0470
19 0.50 1.2431
20 0.50 0.8392
21 0.50 1.0642
22 0.50 0.7656
23 0.50 0.6789
24 0.50 1.3088
25 0.50 1.1548
26 0.50 1.1159
27 0.50 0.5178
28 0.50 0.9680
29 0.50 0.5352
30 0.50 0.6677
31 0.50 1.1265
32 0.50 0.6838
33 0.50 1.3160
34 0.50 1.2125
35 0.50 0.2944
36 0.50 1.2193
37 0.50 0.7700
38 0.50 0.8504
39 0.50 1.2218
40 0.50 0.3443
41 0.50 1.2216
42 0.50 -0.3188
43 0.50 1.4774
44 0.50 0.7488
45 0.50 0.9969
46 0.50 0.8093
47 0.50 1.3348
48 0.50 1.1582
49 0.50 1.0870
50 0.50 1.3191
51 0.50 0.2770
52 0.50 1.0874
53 0.50 1.1803
54 0.50 1.2417
55 0.50 1.3637
56 0.50 1.0155
57 0.50 1.1288
58 0.50 0.5406
59 0.50 0.9746
60 0.50 1.2426
61 0.50 1.3114
62 0.50 1.2346
63 0.50 1.2195
64 0.50 0.5444
65 0.50 1.1316
66 0.50 1.2659
67 0.50 0.9223
68 0.50 1.2699
69 0.50 1.1712
70 0.50 0.0439
71 0.50 1.3949
72 0.50 1.2446
73 0.50 1.1373
74 0.50 1.0677
75 0.50 0.5160
76 0.50 0.5579
77 0.50 0.9932
78 0.50 0.6443
79 0.50 1.3470
80 0.50 0.8453
81 0.50 1.1661
82 0.50 0.4853
83 0.50 1.3582
84 0.50 0.8356
85 0.50 1.2348
86 0.50 0.8807
87 0.50 1.1195
88 0.50 0.8492
89 0.50 0.8829
90 0.50 0.2673
91 0.50 1.2583
92 0.50 0.8324
93 0.50 0.9702
94 0.50 -0.0193
95 0.50 1.0670
96 0.50 1.2010
97 0.50 1.3151
98 0.50 0.8356
99 0.50 1.2131
100 0.50 1.4413
101 0.50 0.9574
102 0.50 1.1119
103 0.50 0.9521
104 0.50 0.5743
105 0.50 0.9142
106 0.50 1.0413
107 0.50 0.6388
108 0.50 1.2075
109 0.50 0.5826
110 0.50 0.7661
111 0.50 1.2595
112 0.50 1.1161
113 0.50 0.9682
